%YAML:1.0
---
bc_nmarkers: 36
bc_markers:
   - { id:25786057, corners:[ [ -826., -826., 0. ], [ -686., -826., 0. ],
       [ -686., -686., 0. ], [ -826., -686., 0. ] ] }
   - { id:12143397, corners:[ [ -658., -826., 0. ], [ -518., -826., 0. ],
       [ -518., -686., 0. ], [ -658., -686., 0. ] ] }
   - { id:31829508, corners:[ [ -490., -826., 0. ], [ -350., -826., 0. ],
       [ -350., -686., 0. ], [ -490., -686., 0. ] ] }
   - { id:28120500, corners:[ [ -322., -826., 0. ], [ -182., -826., 0. ],
       [ -182., -686., 0. ], [ -322., -686., 0. ] ] }
   - { id:28002386, corners:[ [ -154., -826., 0. ], [ -14., -826., 0. ],
       [ -14., -686., 0. ], [ -154., -686., 0. ] ] }
   - { id:16962492, corners:[ [ 14., -826., 0. ], [ 154., -826., 0. ], [
       154., -686., 0. ], [ 14., -686., 0. ] ] }
   - { id:23491287, corners:[ [ 182., -826., 0. ], [ 322., -826., 0. ],
       [ 322., -686., 0. ], [ 182., -686., 0. ] ] }
   - { id:11990857, corners:[ [ 350., -826., 0. ], [ 490., -826., 0. ],
       [ 490., -686., 0. ], [ 350., -686., 0. ] ] }
   - { id:1731284, corners:[ [ 518., -826., 0. ], [ 658., -826., 0. ], [
       658., -686., 0. ], [ 518., -686., 0. ] ] }
   - { id:13678298, corners:[ [ 686., -826., 0. ], [ 826., -826., 0. ],
       [ 826., -686., 0. ], [ 686., -686., 0. ] ] }
   - { id:3382648, corners:[ [ -826., -658., 0. ], [ -686., -658., 0. ],
       [ -686., -518., 0. ], [ -826., -518., 0. ] ] }
   - { id:5072037, corners:[ [ 686., -658., 0. ], [ 826., -658., 0. ], [
       826., -518., 0. ], [ 686., -518., 0. ] ] }
   - { id:28699058, corners:[ [ -826., -490., 0. ], [ -686., -490., 0. ],
       [ -686., -350., 0. ], [ -826., -350., 0. ] ] }
   - { id:16946258, corners:[ [ 686., -490., 0. ], [ 826., -490., 0. ],
       [ 826., -350., 0. ], [ 686., -350., 0. ] ] }
   - { id:15874859, corners:[ [ -826., -322., 0. ], [ -686., -322., 0. ],
       [ -686., -182., 0. ], [ -826., -182., 0. ] ] }
   - { id:6616372, corners:[ [ 686., -322., 0. ], [ 826., -322., 0. ], [
       826., -182., 0. ], [ 686., -182., 0. ] ] }
   - { id:21829363, corners:[ [ -826., -154., 0. ], [ -686., -154., 0. ],
       [ -686., -14., 0. ], [ -826., -14., 0. ] ] }
   - { id:25619838, corners:[ [ 686., -154., 0. ], [ 826., -154., 0. ],
       [ 826., -14., 0. ], [ 686., -14., 0. ] ] }
   - { id:31495534, corners:[ [ -826., 14., 0. ], [ -686., 14., 0. ], [
       -686., 154., 0. ], [ -826., 154., 0. ] ] }
   - { id:14288189, corners:[ [ 686., 14., 0. ], [ 826., 14., 0. ], [
       826., 154., 0. ], [ 686., 154., 0. ] ] }
   - { id:27436200, corners:[ [ -826., 182., 0. ], [ -686., 182., 0. ],
       [ -686., 322., 0. ], [ -826., 322., 0. ] ] }
   - { id:2831810, corners:[ [ 686., 182., 0. ], [ 826., 182., 0. ], [
       826., 322., 0. ], [ 686., 322., 0. ] ] }
   - { id:1420645, corners:[ [ -826., 350., 0. ], [ -686., 350., 0. ], [
       -686., 490., 0. ], [ -826., 490., 0. ] ] }
   - { id:23259706, corners:[ [ 686., 350., 0. ], [ 826., 350., 0. ], [
       826., 490., 0. ], [ 686., 490., 0. ] ] }
   - { id:21280649, corners:[ [ -826., 518., 0. ], [ -686., 518., 0. ],
       [ -686., 658., 0. ], [ -826., 658., 0. ] ] }
   - { id:24795448, corners:[ [ 686., 518., 0. ], [ 826., 518., 0. ], [
       826., 658., 0. ], [ 686., 658., 0. ] ] }
   - { id:12427892, corners:[ [ -826., 686., 0. ], [ -686., 686., 0. ],
       [ -686., 826., 0. ], [ -826., 826., 0. ] ] }
   - { id:23668551, corners:[ [ -658., 686., 0. ], [ -518., 686., 0. ],
       [ -518., 826., 0. ], [ -658., 826., 0. ] ] }
   - { id:5699142, corners:[ [ -490., 686., 0. ], [ -350., 686., 0. ], [
       -350., 826., 0. ], [ -490., 826., 0. ] ] }
   - { id:32073965, corners:[ [ -322., 686., 0. ], [ -182., 686., 0. ],
       [ -182., 826., 0. ], [ -322., 826., 0. ] ] }
   - { id:26577865, corners:[ [ -154., 686., 0. ], [ -14., 686., 0. ], [
       -14., 826., 0. ], [ -154., 826., 0. ] ] }
   - { id:21170385, corners:[ [ 14., 686., 0. ], [ 154., 686., 0. ], [
       154., 826., 0. ], [ 14., 826., 0. ] ] }
   - { id:31136577, corners:[ [ 182., 686., 0. ], [ 322., 686., 0. ], [
       322., 826., 0. ], [ 182., 826., 0. ] ] }
   - { id:13880148, corners:[ [ 350., 686., 0. ], [ 490., 686., 0. ], [
       490., 826., 0. ], [ 350., 826., 0. ] ] }
   - { id:15982746, corners:[ [ 518., 686., 0. ], [ 658., 686., 0. ], [
       658., 826., 0. ], [ 518., 826., 0. ] ] }
   - { id:1905929, corners:[ [ 686., 686., 0. ], [ 826., 686., 0. ], [
       826., 826., 0. ], [ 686., 826., 0. ] ] }
