%YAML:1.0
---
nmarkers: 36
markersize: 5
tau0: 8
marker_0: "1001001101101110100100011"
marker_1: "1010010011010010100111010"
marker_2: "0010000001110101101001111"
marker_3: "0010110110101000101101011"
marker_4: "0100101000010010110101011"
marker_5: "0011110111001011010000001"
marker_6: "1110101101001110011001101"
marker_7: "1001001011101111011011010"
marker_8: "0010101101010110010110000"
marker_9: "0101101101101101000010110"
marker_10: "0001111010111001110011000"
marker_11: "1010010100100110101100100"
marker_12: "0100110110010111101011011"
marker_13: "0100101000101001010000001"
marker_14: "1101010011011100010011110"
marker_15: "0010110010101111001001100"
marker_16: "1100111101101000101100101"
marker_17: "0111111010110111011000011"
marker_18: "0111011010101001000001111"
marker_19: "1011110010100000010110110"
marker_20: "0001010100100101010001011"
marker_21: "0100001110101100110101000"
marker_22: "1010011010110101101010000"
marker_23: "0101110001010111010001101"
marker_24: "1001000111101101001000101"
marker_25: "0001110010011010010111101"
marker_26: "0010111001000101101111010"
marker_27: "1110001011100100100101101"
marker_28: "0110001001101111011010100"
marker_29: "1011011100010110100101111"
marker_30: "1001001111010001101010011"
marker_31: "1000101100010000110000101"
marker_32: "1000001011011000110110111"
marker_33: "0010101011010011110010110"
marker_34: "0101100100000111110011110"
marker_35: "1001000010101000101110000"
