%YAML:1.0
bc_nmarkers: 36
bc_markers:
   - { id:12268630, corners:[ [ -490., -490., 0. ], [ -350., -490., 0. ],
       [ -350., -350., 0. ], [ -490., -350., 0. ] ] }
   - { id:15245749, corners:[ [ -322., -490., 0. ], [ -182., -490., 0. ],
       [ -182., -350., 0. ], [ -322., -350., 0. ] ] }
   - { id:26090884, corners:[ [ -154., -490., 0. ], [ -14., -490., 0. ],
       [ -14., -350., 0. ], [ -154., -350., 0. ] ] }
   - { id:17392208, corners:[ [ 14., -490., 0. ], [ 154., -490., 0. ], [
       154., -350., 0. ], [ 14., -350., 0. ] ] }
   - { id:9855613, corners:[ [ 182., -490., 0. ], [ 322., -490., 0. ], [
       322., -350., 0. ], [ 182., -350., 0. ] ] }
   - { id:31418035, corners:[ [ 350., -490., 0. ], [ 490., -490., 0. ],
       [ 490., -350., 0. ], [ 350., -350., 0. ] ] }
   - { id:32360548, corners:[ [ -490., -322., 0. ], [ -350., -322., 0. ],
       [ -350., -182., 0. ], [ -490., -182., 0. ] ] }
   - { id:10260556, corners:[ [ -322., -322., 0. ], [ -182., -322., 0. ],
       [ -182., -182., 0. ], [ -322., -182., 0. ] ] }
   - { id:13571441, corners:[ [ -154., -322., 0. ], [ -14., -322., 0. ],
       [ -14., -182., 0. ], [ -154., -182., 0. ] ] }
   - { id:22591819, corners:[ [ 14., -322., 0. ], [ 154., -322., 0. ], [
       154., -182., 0. ], [ 14., -182., 0. ] ] }
   - { id:30753997, corners:[ [ 182., -322., 0. ], [ 322., -322., 0. ],
       [ 322., -182., 0. ], [ 182., -182., 0. ] ] }
   - { id:14824015, corners:[ [ 350., -322., 0. ], [ 490., -322., 0. ],
       [ 490., -182., 0. ], [ 350., -182., 0. ] ] }
   - { id:26719134, corners:[ [ -490., -154., 0. ], [ -350., -154., 0. ],
       [ -350., -14., 0. ], [ -490., -14., 0. ] ] }
   - { id:11570868, corners:[ [ -322., -154., 0. ], [ -182., -154., 0. ],
       [ -182., -14., 0. ], [ -322., -14., 0. ] ] }
   - { id:16472245, corners:[ [ -154., -154., 0. ], [ -14., -154., 0. ],
       [ -14., -14., 0. ], [ -154., -14., 0. ] ] }
   - { id:6179699, corners:[ [ 14., -154., 0. ], [ 154., -154., 0. ], [
       154., -14., 0. ], [ 14., -14., 0. ] ] }
   - { id:22407912, corners:[ [ 182., -154., 0. ], [ 322., -154., 0. ],
       [ 322., -14., 0. ], [ 182., -14., 0. ] ] }
   - { id:30684678, corners:[ [ 350., -154., 0. ], [ 490., -154., 0. ],
       [ 490., -14., 0. ], [ 350., -14., 0. ] ] }
   - { id:19531754, corners:[ [ -490., 14., 0. ], [ -350., 14., 0. ], [
       -350., 154., 0. ], [ -490., 154., 0. ] ] }
   - { id:8769083, corners:[ [ -322., 14., 0. ], [ -182., 14., 0. ], [
       -182., 154., 0. ], [ -322., 154., 0. ] ] }
   - { id:1199174, corners:[ [ -154., 14., 0. ], [ -14., 14., 0. ], [
       -14., 154., 0. ], [ -154., 154., 0. ] ] }
   - { id:14612397, corners:[ [ 14., 14., 0. ], [ 154., 14., 0. ], [
       154., 154., 0. ], [ 14., 154., 0. ] ] }
   - { id:16853189, corners:[ [ 182., 14., 0. ], [ 322., 14., 0. ], [
       322., 154., 0. ], [ 182., 154., 0. ] ] }
   - { id:10626913, corners:[ [ 350., 14., 0. ], [ 490., 14., 0. ], [
       490., 154., 0. ], [ 350., 154., 0. ] ] }
   - { id:15936426, corners:[ [ -490., 182., 0. ], [ -350., 182., 0. ],
       [ -350., 322., 0. ], [ -490., 322., 0. ] ] }
   - { id:1718565, corners:[ [ -322., 182., 0. ], [ -182., 182., 0. ], [
       -182., 322., 0. ], [ -322., 322., 0. ] ] }
   - { id:10346446, corners:[ [ -154., 182., 0. ], [ -14., 182., 0. ], [
       -14., 322., 0. ], [ -154., 322., 0. ] ] }
   - { id:24731480, corners:[ [ 14., 182., 0. ], [ 154., 182., 0. ], [
       154., 322., 0. ], [ 14., 322., 0. ] ] }
   - { id:11949168, corners:[ [ 182., 182., 0. ], [ 322., 182., 0. ], [
       322., 322., 0. ], [ 182., 322., 0. ] ] }
   - { id:32251938, corners:[ [ 350., 182., 0. ], [ 490., 182., 0. ], [
       490., 322., 0. ], [ 350., 322., 0. ] ] }
   - { id:28385019, corners:[ [ -490., 350., 0. ], [ -350., 350., 0. ],
       [ -350., 490., 0. ], [ -490., 490., 0. ] ] }
   - { id:10648514, corners:[ [ -322., 350., 0. ], [ -182., 350., 0. ],
       [ -182., 490., 0. ], [ -322., 490., 0. ] ] }
   - { id:8276429, corners:[ [ -154., 350., 0. ], [ -14., 350., 0. ], [
       -14., 490., 0. ], [ -154., 490., 0. ] ] }
   - { id:2404266, corners:[ [ 14., 350., 0. ], [ 154., 350., 0. ], [
       154., 490., 0. ], [ 14., 490., 0. ] ] }
   - { id:24254013, corners:[ [ 182., 350., 0. ], [ 322., 350., 0. ], [
       322., 490., 0. ], [ 182., 490., 0. ] ] }
   - { id:25551169, corners:[ [ 350., 350., 0. ], [ 490., 350., 0. ], [
       490., 490., 0. ], [ 350., 490., 0. ] ] }
