%YAML:1.0
nmarkers: 50
markersize: 5
marker_0: "0110101000101100110111010"
marker_1: "1010110110000101000101110"
marker_2: "0010000110111000011100011"
marker_3: "0000101001000110100100001"
marker_4: "1011111001000110011010010"
marker_5: "1100110101100110111110111"
marker_6: "0010011000010011101101111"
marker_7: "0011001000001001001110010"
marker_8: "1000111010101000111100110"
marker_9: "1101001010011101000110101"
marker_10: "1011001100100010101010111"
marker_11: "1111001001001100010001110"
marker_12: "0111100111001101111010011"
marker_13: "0010110101110001000011010"
marker_14: "1010110100011010110111110"
marker_15: "1100111011010010011110100"
marker_16: "0001011101010111101010101"
marker_17: "0110000001101100001010111"
marker_18: "0101011111100000010101001"
marker_19: "1101110001110011101000010"
marker_20: "0110001000110010010010000"
marker_21: "1011010111101111011110110"
marker_22: "1010001100010100100000001"
marker_23: "1000011011100100010001010"
marker_24: "0101010111010100110011110"
marker_25: "1010010010011100010110000"
marker_26: "0111001111111011101110010"
marker_27: "0001101011111010100111101"
marker_28: "0000111000101010011011010"
marker_29: "0100010000000100001101111"
marker_30: "1101111101111000100011011"
marker_31: "0100001111011110010001010"
marker_32: "1011001110010010011111100"
marker_33: "0101010111110101001001000"
marker_34: "1011110001101000010011101"
marker_35: "1000001010000111101000011"
marker_36: "0011111110010110000100111"
marker_37: "0101000010010110101011011"
marker_38: "0001000000111001010101100"
marker_39: "1001000001001000110100000"
marker_40: "0101011001111001001110100"
marker_41: "1110110010011111111010111"
marker_42: "0101101101110011010001110"
marker_43: "1100110101001100010010010"
marker_44: "1010111100101000100010100"
marker_45: "1000110101010011011010011"
marker_46: "0110100001000011101001101"
marker_47: "1101110010101001110100001"
marker_48: "0000110011011111100011001"
marker_49: "0110101000011101010011101"
